At time 1698406217.77234118
- Translation: [0.000, 0.000, 0.000]
- Rotation: in Quaternion [0.000, 0.000, 0.307, 0.952]
- Rotation: in RPY (radian) [0.000, -0.000, 0.625]
- Rotation: in RPY (degree) [0.000, -0.000, 35.801]
- Matrix:
  0.811 -0.585  0.000  0.000
  0.585  0.811  0.000  0.000
  0.000  0.000  1.000  0.000
  0.000  0.000  0.000  1.000
At time 1698406218.69317775
- Translation: [0.000, 0.000, 0.000]
- Rotation: in Quaternion [0.000, 0.000, 0.307, 0.952]
- Rotation: in RPY (radian) [0.000, -0.000, 0.625]
- Rotation: in RPY (degree) [0.000, -0.000, 35.801]
- Matrix:
  0.811 -0.585  0.000  0.000
  0.585  0.811  0.000  0.000
  0.000  0.000  1.000  0.000
  0.000  0.000  0.000  1.000
At time 1698406219.76961192
- Translation: [0.000, 0.000, 0.000]
- Rotation: in Quaternion [0.000, 0.000, 0.307, 0.952]
- Rotation: in RPY (radian) [0.000, -0.000, 0.625]
- Rotation: in RPY (degree) [0.000, -0.000, 35.801]
- Matrix:
  0.811 -0.585  0.000  0.000
  0.585  0.811  0.000  0.000
  0.000  0.000  1.000  0.000
  0.000  0.000  0.000  1.000
At time 1698406220.69779920
- Translation: [0.000, 0.000, 0.000]
- Rotation: in Quaternion [0.000, 0.000, 0.307, 0.952]
- Rotation: in RPY (radian) [0.000, -0.000, 0.625]
- Rotation: in RPY (degree) [0.000, -0.000, 35.801]
- Matrix:
  0.811 -0.585  0.000  0.000
  0.585  0.811  0.000  0.000
  0.000  0.000  1.000  0.000
  0.000  0.000  0.000  1.000
At time 1698406221.77447709
- Translation: [0.000, 0.000, 0.000]
- Rotation: in Quaternion [0.000, 0.000, 0.307, 0.952]
- Rotation: in RPY (radian) [0.000, -0.000, 0.625]
- Rotation: in RPY (degree) [0.000, -0.000, 35.801]
- Matrix:
  0.811 -0.585  0.000  0.000
  0.585  0.811  0.000  0.000
  0.000  0.000  1.000  0.000
  0.000  0.000  0.000  1.000
At time 1698406222.69573712
- Translation: [0.000, 0.000, 0.000]
- Rotation: in Quaternion [0.000, 0.000, 0.307, 0.952]
- Rotation: in RPY (radian) [0.000, -0.000, 0.625]
- Rotation: in RPY (degree) [0.000, -0.000, 35.801]
- Matrix:
  0.811 -0.585  0.000  0.000
  0.585  0.811  0.000  0.000
  0.000  0.000  1.000  0.000
  0.000  0.000  0.000  1.000
At time 1698406223.77100658
- Translation: [0.000, 0.000, 0.000]
- Rotation: in Quaternion [0.000, 0.000, 0.307, 0.952]
- Rotation: in RPY (radian) [0.000, -0.000, 0.625]
- Rotation: in RPY (degree) [0.000, -0.000, 35.801]
- Matrix:
  0.811 -0.585  0.000  0.000
  0.585  0.811  0.000  0.000
  0.000  0.000  1.000  0.000
  0.000  0.000  0.000  1.000
At time 1698406224.69105279
- Translation: [0.000, 0.000, 0.000]
- Rotation: in Quaternion [0.000, 0.000, 0.307, 0.952]
- Rotation: in RPY (radian) [0.000, -0.000, 0.625]
- Rotation: in RPY (degree) [0.000, -0.000, 35.801]
- Matrix:
  0.811 -0.585  0.000  0.000
  0.585  0.811  0.000  0.000
  0.000  0.000  1.000  0.000
  0.000  0.000  0.000  1.000
At time 1698406225.77476078
- Translation: [0.000, 0.000, 0.000]
- Rotation: in Quaternion [0.000, 0.000, 0.307, 0.952]
- Rotation: in RPY (radian) [0.000, -0.000, 0.625]
- Rotation: in RPY (degree) [0.000, -0.000, 35.801]
- Matrix:
  0.811 -0.585  0.000  0.000
  0.585  0.811  0.000  0.000
  0.000  0.000  1.000  0.000
  0.000  0.000  0.000  1.000
At time 1698406226.69474545
- Translation: [0.000, 0.000, 0.000]
- Rotation: in Quaternion [0.000, 0.000, 0.307, 0.952]
- Rotation: in RPY (radian) [0.000, -0.000, 0.625]
- Rotation: in RPY (degree) [0.000, -0.000, 35.801]
- Matrix:
  0.811 -0.585  0.000  0.000
  0.585  0.811  0.000  0.000
  0.000  0.000  1.000  0.000
  0.000  0.000  0.000  1.000
At time 1698406227.77356829
- Translation: [0.000, 0.000, 0.000]
- Rotation: in Quaternion [0.000, 0.000, 0.426, 0.905]
- Rotation: in RPY (radian) [0.000, -0.000, 0.881]
- Rotation: in RPY (degree) [0.000, -0.000, 50.469]
- Matrix:
  0.636 -0.771  0.000  0.000
  0.771  0.636  0.000  0.000
  0.000  0.000  1.000  0.000
  0.000  0.000  0.000  1.000
At time 1698406228.69203425
- Translation: [-1.255, 0.098, 0.000]
- Rotation: in Quaternion [0.000, 0.000, 0.513, 0.858]
- Rotation: in RPY (radian) [0.000, -0.000, 1.078]
- Rotation: in RPY (degree) [0.000, -0.000, 61.751]
- Matrix:
  0.473 -0.881  0.000 -1.255
  0.881  0.473  0.000  0.098
  0.000  0.000  1.000  0.000
  0.000  0.000  0.000  1.000
At time 1698406229.77892735
- Translation: [-2.092, -0.393, 0.000]
- Rotation: in Quaternion [0.000, 0.000, 0.268, 0.963]
- Rotation: in RPY (radian) [0.000, -0.000, 0.542]
- Rotation: in RPY (degree) [0.000, -0.000, 31.060]
- Matrix:
  0.857 -0.516  0.000 -2.092
  0.516  0.857  0.000 -0.393
  0.000  0.000  1.000  0.000
  0.000  0.000  0.000  1.000
At time 1698406230.69659547
- Translation: [-2.308, -1.226, 0.000]
- Rotation: in Quaternion [0.000, 0.000, 0.350, 0.937]
- Rotation: in RPY (radian) [0.000, -0.000, 0.715]
- Rotation: in RPY (degree) [0.000, -0.000, 40.942]
- Matrix:
  0.755 -0.655  0.000 -2.308
  0.655  0.755  0.000 -1.226
  0.000  0.000  1.000  0.000
  0.000  0.000  0.000  1.000
At time 1698406231.77211804
- Translation: [0.071, -1.275, 0.000]
- Rotation: in Quaternion [0.000, 0.000, 0.857, 0.515]
- Rotation: in RPY (radian) [0.000, -0.000, 2.060]
- Rotation: in RPY (degree) [0.000, -0.000, 118.015]
- Matrix:
 -0.470 -0.883  0.000  0.071
  0.883 -0.470  0.000 -1.275
  0.000  0.000  1.000  0.000
  0.000  0.000  0.000  1.000
At time 1698406232.69381390
- Translation: [-1.430, 0.591, 0.000]
- Rotation: in Quaternion [0.000, 0.000, 0.375, 0.927]
- Rotation: in RPY (radian) [0.000, -0.000, 0.768]
- Rotation: in RPY (degree) [0.000, -0.000, 44.031]
- Matrix:
  0.719 -0.695  0.000 -1.430
  0.695  0.719  0.000  0.591
  0.000  0.000  1.000  0.000
  0.000  0.000  0.000  1.000
At time 1698406233.78014821
- Translation: [-2.278, 0.738, 0.000]
- Rotation: in Quaternion [0.000, 0.000, -0.221, 0.975]
- Rotation: in RPY (radian) [0.000, 0.000, -0.445]
- Rotation: in RPY (degree) [0.000, 0.000, -25.494]
- Matrix:
  0.903  0.430  0.000 -2.278
 -0.430  0.903 -0.000  0.738
 -0.000  0.000  1.000  0.000
  0.000  0.000  0.000  1.000
At time 1698406234.69633546
- Translation: [-2.572, -0.056, 0.000]
- Rotation: in Quaternion [0.000, 0.000, -0.119, 0.993]
- Rotation: in RPY (radian) [0.000, 0.000, -0.239]
- Rotation: in RPY (degree) [0.000, 0.000, -13.682]
- Matrix:
  0.972  0.237  0.000 -2.572
 -0.237  0.972 -0.000 -0.056
 -0.000  0.000  1.000  0.000
  0.000  0.000  0.000  1.000
At time 1698406235.77029714
- Translation: [-0.980, -1.447, 0.000]
- Rotation: in Quaternion [0.000, 0.000, 0.593, 0.805]
- Rotation: in RPY (radian) [0.000, -0.000, 1.270]
- Rotation: in RPY (degree) [0.000, -0.000, 72.775]
- Matrix:
  0.296 -0.955  0.000 -0.980
  0.955  0.296  0.000 -1.447
  0.000  0.000  1.000  0.000
  0.000  0.000  0.000  1.000
At time 1698406236.70004923
- Translation: [-1.969, -0.532, 0.000]
- Rotation: in Quaternion [0.000, 0.000, 0.497, 0.868]
- Rotation: in RPY (radian) [0.000, -0.000, 1.041]
- Rotation: in RPY (degree) [0.000, -0.000, 59.618]
- Matrix:
  0.506 -0.863  0.000 -1.969
  0.863  0.506  0.000 -0.532
  0.000  0.000  1.000  0.000
  0.000  0.000  0.000  1.000
At time 1698406237.77600490
- Translation: [-1.177, 0.036, 0.000]
- Rotation: in Quaternion [0.000, 0.000, 0.137, 0.991]
- Rotation: in RPY (radian) [0.000, -0.000, 0.275]
- Rotation: in RPY (degree) [0.000, -0.000, 15.741]
- Matrix:
  0.962 -0.271  0.000 -1.177
  0.271  0.962  0.000  0.036
  0.000  0.000  1.000  0.000
  0.000  0.000  0.000  1.000
At time 1698406238.69424121
- Translation: [-0.598, 0.105, 0.000]
- Rotation: in Quaternion [0.000, 0.000, -0.015, 1.000]
- Rotation: in RPY (radian) [0.000, 0.000, -0.029]
- Rotation: in RPY (degree) [0.000, 0.000, -1.665]
- Matrix:
  1.000  0.029  0.000 -0.598
 -0.029  1.000 -0.000  0.105
 -0.000  0.000  1.000  0.000
  0.000  0.000  0.000  1.000
At time 1698406239.77414654
- Translation: [-0.293, 0.073, 0.000]
- Rotation: in Quaternion [0.000, 0.000, -0.087, 0.996]
- Rotation: in RPY (radian) [0.000, 0.000, -0.175]
- Rotation: in RPY (degree) [0.000, 0.000, -10.024]
- Matrix:
  0.985  0.174  0.000 -0.293
 -0.174  0.985 -0.000  0.073
 -0.000  0.000  1.000  0.000
  0.000  0.000  0.000  1.000
At time 1698406240.69391737
- Translation: [-0.145, 0.041, 0.000]
- Rotation: in Quaternion [0.000, 0.000, -0.122, 0.993]
- Rotation: in RPY (radian) [0.000, 0.000, -0.245]
- Rotation: in RPY (degree) [0.000, 0.000, -14.031]
- Matrix:
  0.970  0.242  0.000 -0.145
 -0.242  0.970 -0.000  0.041
 -0.000  0.000  1.000  0.000
  0.000  0.000  0.000  1.000
At time 1698406241.78029242
- Translation: [-0.071, 0.022, 0.000]
- Rotation: in Quaternion [0.000, 0.000, -0.139, 0.990]
- Rotation: in RPY (radian) [0.000, 0.000, -0.279]
- Rotation: in RPY (degree) [0.000, 0.000, -15.990]
- Matrix:
  0.961  0.275  0.000 -0.071
 -0.275  0.961 -0.000  0.022
 -0.000  0.000  1.000  0.000
  0.000  0.000  0.000  1.000
At time 1698406242.69375194
- Translation: [-0.035, 0.011, 0.000]
- Rotation: in Quaternion [0.000, 0.000, -0.147, 0.989]
- Rotation: in RPY (radian) [0.000, 0.000, -0.296]
- Rotation: in RPY (degree) [0.000, 0.000, -16.937]
- Matrix:
  0.957  0.291  0.000 -0.035
 -0.291  0.957 -0.000  0.011
 -0.000  0.000  1.000  0.000
  0.000  0.000  0.000  1.000
At time 1698406243.78024090
- Translation: [-0.018, 0.006, 0.000]
- Rotation: in Quaternion [0.000, 0.000, -0.151, 0.988]
- Rotation: in RPY (radian) [0.000, 0.000, -0.304]
- Rotation: in RPY (degree) [0.000, 0.000, -17.398]
- Matrix:
  0.954  0.299  0.000 -0.018
 -0.299  0.954 -0.000  0.006
 -0.000  0.000  1.000  0.000
  0.000  0.000  0.000  1.000
At time 1698406244.69864755
- Translation: [-0.009, 0.003, 0.000]
- Rotation: in Quaternion [0.000, 0.000, -0.153, 0.988]
- Rotation: in RPY (radian) [0.000, 0.000, -0.308]
- Rotation: in RPY (degree) [0.000, 0.000, -17.625]
- Matrix:
  0.953  0.303  0.000 -0.009
 -0.303  0.953 -0.000  0.003
 -0.000  0.000  1.000  0.000
  0.000  0.000  0.000  1.000
At time 1698406245.77857043
- Translation: [-0.004, 0.001, 0.000]
- Rotation: in Quaternion [0.000, 0.000, -0.154, 0.988]
- Rotation: in RPY (radian) [0.000, 0.000, -0.310]
- Rotation: in RPY (degree) [0.000, 0.000, -17.737]
- Matrix:
  0.952  0.305  0.000 -0.004
 -0.305  0.952 -0.000  0.001
 -0.000  0.000  1.000  0.000
  0.000  0.000  0.000  1.000
At time 1698406246.69459926
- Translation: [-0.002, 0.001, 0.000]
- Rotation: in Quaternion [0.000, 0.000, -0.155, 0.988]
- Rotation: in RPY (radian) [0.000, 0.000, -0.310]
- Rotation: in RPY (degree) [0.000, 0.000, -17.789]
- Matrix:
  0.952  0.306  0.000 -0.002
 -0.306  0.952 -0.000  0.001
 -0.000  0.000  1.000  0.000
  0.000  0.000  0.000  1.000
At time 1698406247.77798266
- Translation: [-0.001, 0.000, 0.000]
- Rotation: in Quaternion [0.000, 0.000, -0.155, 0.988]
- Rotation: in RPY (radian) [0.000, 0.000, -0.311]
- Rotation: in RPY (degree) [0.000, 0.000, -17.821]
- Matrix:
  0.952  0.306  0.000 -0.001
 -0.306  0.952 -0.000  0.000
 -0.000  0.000  1.000  0.000
  0.000  0.000  0.000  1.000
At time 1698406248.69556577
- Translation: [-0.001, 0.000, 0.000]
- Rotation: in Quaternion [0.000, 0.000, -0.155, 0.988]
- Rotation: in RPY (radian) [0.000, 0.000, -0.311]
- Rotation: in RPY (degree) [0.000, 0.000, -17.837]
- Matrix:
  0.952  0.306  0.000 -0.001
 -0.306  0.952 -0.000  0.000
 -0.000  0.000  1.000  0.000
  0.000  0.000  0.000  1.000
